20179	1	34.31	121232	1.07	0.00	54.73
20179	1	44.31	121034	1.06	0.00	54.73
20063	1	34.31	54570	0.93	30.04	54.73
20063	1	44.31	68468	0.92	30.04	54.73
20193	1	44.31	6504	0.81	34.04	54.73
31145	1	24.31	69401	1.41	56.60	54.73
31145	1	34.31	99997	1.37	56.60	54.73
31145	1	44.31	99734	1.37	56.60	54.73
31065	1	24.31	104623	1.47	64.61	54.73
31065	1	34.31	131929	1.38	64.61	54.73
31065	1	44.31	148087	1.40	64.61	54.73
20181	1	44.31	82415	0.60	67.77	54.73
31063	1	24.31	156137	1.74	81.59	54.73
31063	1	34.31	155934	1.74	81.59	54.73
31063	1	44.31	155734	1.74	81.59	54.73
31057	1	24.31	45931	1.84	87.21	54.73
31057	1	34.31	114643	1.29	87.21	54.73
31057	1	44.31	114578	1.29	87.21	54.73
31085	1	24.31	33458	1.71	88.14	54.73
31085	1	34.31	84441	1.17	88.14	54.73
31085	1	44.31	84490	1.17	88.14	54.73
20083	1	44.31	7847	0.65	91.90	54.73
31029	1	24.31	263772	1.81	105.15	54.73
31029	1	34.31	263714	1.82	105.15	54.73
31029	1	44.31	263653	1.82	105.15	54.73
20069	1	44.31	44995	0.83	110.98	54.73
8125	1	34.31	262415	1.63	114.22	54.73
8125	1	44.31	262152	1.63	114.22	54.73
8063	1	44.31	165759	1.02	114.62	54.73
31181	1	24.31	108562	1.84	117.86	54.73
31181	1	34.31	108580	1.85	117.86	54.73
31181	1	44.31	108596	1.85	117.86	54.73
20047	1	34.31	3876	1.23	117.91	54.73
20047	1	44.31	48928	0.81	117.91	54.73
31135	1	24.31	130433	1.47	121.80	54.73
31135	1	34.31	239852	1.25	121.80	54.73
31135	1	44.31	239620	1.26	121.80	54.73
20081	1	24.31	112542	1.43	125.96	54.73
20081	1	34.31	112425	1.43	125.96	54.73
20081	1	44.31	112308	1.43	125.96	54.73
20185	1	34.31	16930	0.98	128.76	54.73
20185	1	44.31	16953	0.98	128.76	54.73
8095	1	34.31	130067	1.45	132.56	54.73
8095	1	44.31	130120	1.45	132.56	54.73
20067	1	44.31	29051	0.66	132.63	54.73
20097	1	34.31	6189	1.27	137.96	54.73
20097	1	44.31	22406	0.91	137.96	54.73
20187	1	34.31	20533	1.28	142.52	54.73
20187	1	44.31	20480	1.28	142.52	54.73
20119	1	24.31	128648	1.73	145.63	54.73
20119	1	34.31	132644	1.71	145.63	54.73
20119	1	44.31	132636	1.71	145.63	54.73
8115	1	44.31	42953	0.91	146.08	54.73
20157	1	24.31	8620	1.61	151.53	54.73
20157	1	34.31	67347	1.16	151.53	54.73
20157	1	44.31	67283	1.16	151.53	54.73
20175	1	24.31	19107	1.34	151.54	54.73
20175	1	34.31	73333	1.26	151.54	54.73
20175	1	44.31	73276	1.26	151.54	54.73
20189	1	24.31	100491	1.46	155.51	54.73
20189	1	34.31	100413	1.46	155.51	54.73
20189	1	44.31	100336	1.46	155.51	54.73
31169	1	44.31	244057	1.87	161.16	54.73
20129	1	44.31	1448	0.67	166.27	54.73
8075	1	34.31	67413	1.29	169.64	54.73
8075	1	44.31	67383	1.29	169.64	54.73
8011	1	34.31	11168	1.69	170.69	54.73
8011	1	44.31	11150	1.69	170.69	54.73
20027	1	44.31	4748	0.83	173.44	54.73
20201	1	44.31	7744	0.65	179.75	54.73
8087	1	34.31	4694	1.20	189.19	54.73
8087	1	44.31	31118	1.00	189.19	54.73
8025	1	34.31	236	1.44	191.07	54.73
8025	1	44.31	586	0.88	191.07	54.73
20061	1	44.31	1771	0.82	196.16	54.73
31183	1	34.31	40237	1.17	205.69	54.73
31183	1	44.31	40267	1.18	205.69	54.73
31011	1	24.31	208674	1.84	205.71	54.73
31011	1	34.31	208413	1.84	205.71	54.73
31011	1	44.31	208152	1.85	205.71	54.73
31067	1	24.31	147232	1.81	208.74	54.73
31067	1	34.31	187691	1.49	208.74	54.73
31067	1	44.31	187949	1.49	208.74	54.73
20117	1	24.31	25803	1.33	209.89	54.73
20117	1	34.31	25911	1.33	209.89	54.73
20117	1	44.31	26011	1.33	209.89	54.73
31109	1	24.31	88334	1.84	222.17	54.73
31109	1	34.31	135016	1.61	222.17	54.73
31109	1	44.31	138602	1.62	222.17	54.73
31133	1	24.31	9526	1.57	228.94	54.73
31133	1	34.31	9571	1.57	228.94	54.73
31133	1	44.31	9614	1.57	228.94	54.73
31097	1	24.31	5993	1.75	232.64	54.73
31097	1	34.31	6015	1.75	232.64	54.73
31097	1	44.31	34839	0.87	232.64	54.73
31037	1	44.31	183942	1.77	234.90	54.73
20131	1	24.31	23032	1.65	237.06	54.73
20131	1	34.31	23110	1.65	237.06	54.73
20131	1	44.31	52602	0.92	237.06	54.73
31155	1	24.31	281417	1.85	239.40	54.73
31155	1	34.31	281128	1.85	239.40	54.73
31155	1	44.31	286153	1.79	239.40	54.73
31161	1	34.31	39840	1.06	241.33	54.73
31161	1	44.31	39779	1.06	241.33	54.73
31013	1	44.31	24208	0.83	242.64	54.73
31157	1	34.31	145545	1.83	244.55	54.73
31157	1	44.31	144945	1.82	244.55	54.73
31131	1	24.31	74514	1.70	245.15	54.73
31131	1	34.31	74514	1.70	245.15	54.73
31131	1	44.31	127591	1.15	245.15	54.73
20085	1	34.31	25632	1.25	246.31	54.73
20085	1	44.31	26456	1.25	246.31	54.73
31167	1	34.31	128601	1.49	247.23	54.73
31167	1	44.31	128642	1.49	247.23	54.73
20177	1	44.31	2137	0.80	249.25	54.73
31139	1	44.31	242570	1.84	251.47	54.73
31025	1	44.31	213313	1.80	252.12	54.73
31053	1	44.31	285594	1.89	253.24	54.73
31127	1	34.31	115388	1.69	253.61	54.73
31127	1	44.31	122800	1.71	253.61	54.73
31147	1	34.31	142611	1.45	255.94	54.73
31147	1	44.31	143736	1.45	255.94	54.73
20013	1	44.31	223887	1.85	260.26	54.73
31015	1	24.31	26146	1.73	260.36	54.73
31015	1	34.31	25965	1.73	260.36	54.73
31015	1	44.31	25780	1.73	260.36	54.73
31039	1	44.31	250834	1.70	262.49	54.73
31107	1	44.31	249817	1.71	264.11	54.73
8013	1	34.31	5564	1.59	267.72	54.73
8013	1	44.31	5556	1.59	267.72	54.73
31027	1	44.31	322569	1.83	281.14	54.73
8069	1	34.31	17163	1.39	282.14	54.73
8069	1	44.31	17165	1.39	282.14	54.73
20043	1	44.31	142600	1.79	282.21	54.73
31083	1	24.31	0	2.19	79.38	54.73
31083	1	34.31	0	2.19	79.38	54.73
31083	1	44.31	0	2.19	79.38	54.73
31073	1	24.31	0	2.37	86.53	54.73
31073	1	34.31	0	2.37	86.53	54.73
31073	1	44.31	0	2.37	86.53	54.73
31061	1	24.31	0	2.40	97.24	54.73
31061	1	34.31	0	2.40	97.24	54.73
31061	1	44.31	0	2.40	97.24	54.73
31137	1	24.31	0	2.82	97.45	54.73
31137	1	34.31	0	2.10	97.45	54.73
31137	1	44.31	0	2.41	97.45	54.73
31047	1	24.31	0	2.60	109.94	54.73
31047	1	34.31	0	2.60	109.94	54.73
31047	1	44.31	0	2.60	109.94	54.73
31099	1	24.31	0	2.71	112.41	54.73
31099	1	34.31	0	2.71	112.41	54.73
31099	1	44.31	0	2.64	112.41	54.73
31019	1	24.31	0	2.55	126.70	54.73
31019	1	34.31	0	2.55	126.70	54.73
31019	1	44.31	0	2.55	126.70	54.73
31001	1	24.31	0	2.64	130.85	54.73
31001	1	34.31	0	2.64	130.85	54.73
31001	1	44.31	0	2.64	130.85	54.73
31129	1	24.31	0	2.10	139.14	54.73
31129	1	34.31	0	2.10	139.14	54.73
31129	1	44.31	0	2.10	139.14	54.73
31101	1	24.31	0	2.04	142.48	54.73
31101	1	34.31	0	2.04	142.48	54.73
31101	1	44.31	0	2.04	142.48	54.73
31041	1	24.31	0	2.38	146.18	54.73
31041	1	34.31	0	2.38	146.18	54.73
31041	1	44.31	0	2.38	146.18	54.73
31079	1	24.31	0	2.64	146.88	54.73
31079	1	34.31	0	2.41	146.88	54.73
31079	1	44.31	0	2.62	146.88	54.73
31035	1	24.31	0	2.39	150.39	54.73
31035	1	34.31	0	2.39	150.39	54.73
31035	1	44.31	0	2.39	150.39	54.73
31163	1	24.31	0	2.25	150.74	54.73
31163	1	34.31	0	2.25	150.74	54.73
31163	1	44.31	0	2.25	150.74	54.73
31169	1	24.31	0	2.42	161.16	54.73
31169	1	34.31	0	2.42	161.16	54.73
31093	1	24.31	0	2.30	164.67	54.73
31093	1	34.31	0	2.30	164.67	54.73
31093	1	44.31	0	2.30	164.67	54.73
31081	1	24.31	0	2.72	166.04	54.73
31081	1	34.31	0	2.72	166.04	54.73
31081	1	44.31	0	2.71	166.04	54.73
31059	1	24.31	0	2.55	171.22	54.73
31059	1	34.31	0	2.55	171.22	54.73
31059	1	44.31	0	2.55	171.22	54.73
31175	1	24.31	0	2.34	171.36	54.73
31175	1	34.31	0	2.34	171.36	54.73
31175	1	44.31	0	2.34	171.36	54.73
31121	1	24.31	0	2.40	179.22	54.73
31121	1	34.31	0	2.40	179.22	54.73
31121	1	44.31	0	2.40	179.22	54.73
31077	1	24.31	0	2.24	183.64	54.73
31077	1	34.31	0	2.24	183.64	54.73
31077	1	44.31	0	2.24	183.64	54.73
31185	1	24.31	0	2.70	183.84	54.73
31185	1	34.31	0	2.70	183.84	54.73
31185	1	44.31	0	2.61	183.84	54.73
31095	1	24.31	0	1.90	183.86	54.73
31095	1	34.31	0	1.92	183.86	54.73
31095	1	44.31	0	1.92	183.86	54.73
31125	1	24.31	0	2.20	192.25	54.73
31125	1	34.31	0	2.20	192.25	54.73
31125	1	44.31	0	2.15	192.25	54.73
31151	1	24.31	0	1.99	193.03	54.73
31151	1	34.31	0	1.99	193.03	54.73
31151	1	44.31	0	1.99	193.03	54.73
31143	1	24.31	0	2.40	198.16	54.73
31143	1	34.31	0	2.40	198.16	54.73
31143	1	44.31	0	2.40	198.16	54.73
31159	1	24.31	0	2.25	204.10	54.73
31159	1	34.31	0	2.19	204.10	54.73
31159	1	44.31	0	2.19	204.10	54.73
31183	1	24.31	0	2.30	205.69	54.73
31017	1	24.31	0	2.48	209.03	54.73
31017	1	34.31	0	2.48	209.03	54.73
31017	1	44.31	0	2.48	209.03	54.73
31123	1	24.31	0	1.91	212.93	54.73
31123	1	34.31	0	1.91	212.93	54.73
31123	1	44.31	0	1.91	212.93	54.73
31149	1	24.31	0	2.40	217.95	54.73
31149	1	34.31	0	2.40	217.95	54.73
31149	1	44.31	0	2.40	217.95	54.73
31023	1	24.31	0	2.35	218.07	54.73
31023	1	34.31	0	1.97	218.07	54.73
31023	1	44.31	0	1.98	218.07	54.73
31141	1	24.31	0	2.48	218.50	54.73
31141	1	34.31	0	2.08	218.50	54.73
31141	1	44.31	0	2.03	218.50	54.73
8123	1	34.31	0	1.97	224.94	54.73
8123	1	44.31	0	1.97	224.94	54.73
8101	1	34.31	0	2.64	229.55	54.73
8101	1	44.31	0	2.64	229.55	54.73
31119	1	24.31	0	2.08	232.04	54.73
31119	1	34.31	0	2.08	232.04	54.73
31119	1	44.31	0	2.08	232.04	54.73
31089	1	24.31	0	2.08	232.06	54.73
31089	1	34.31	0	2.08	232.06	54.73
31089	1	44.31	0	2.08	232.06	54.73
31003	1	24.31	0	2.37	232.95	54.73
31003	1	34.31	0	2.37	232.95	54.73
31003	1	44.31	0	2.37	232.95	54.73
31037	1	24.31	0	2.09	234.90	54.73
31037	1	34.31	0	2.09	234.90	54.73
31157	1	24.31	0	2.16	244.55	54.73
31167	1	24.31	0	2.14	247.23	54.73
31139	1	24.31	0	2.33	251.47	54.73
31139	1	34.31	0	2.33	251.47	54.73
31025	1	24.31	0	1.90	252.12	54.73
31025	1	34.31	0	1.90	252.12	54.73
31053	1	24.31	0	2.36	253.24	54.73
31053	1	34.31	0	1.98	253.24	54.73
31127	1	24.31	0	1.99	253.61	54.73
31147	1	24.31	0	1.98	255.94	54.73
31153	1	24.31	0	2.06	259.97	54.73
31153	1	34.31	0	1.99	259.97	54.73
31153	1	44.31	0	1.99	259.97	54.73
20013	1	24.31	0	2.05	260.26	54.73
20013	1	34.31	0	2.05	260.26	54.73
31039	1	24.31	0	2.12	262.49	54.73
31039	1	34.31	0	2.13	262.49	54.73
31055	1	24.31	0	1.96	264.05	54.73
31055	1	34.31	0	1.96	264.05	54.73
31055	1	44.31	0	1.97	264.05	54.73
31107	1	24.31	0	2.16	264.11	54.73
31107	1	34.31	0	2.16	264.11	54.73
31177	1	24.31	0	1.99	269.64	54.73
31177	1	34.31	0	1.99	269.64	54.73
31177	1	44.31	0	1.99	269.64	54.73
31021	1	24.31	0	2.11	277.90	54.73
31021	1	34.31	0	2.11	277.90	54.73
31021	1	44.31	0	2.05	277.90	54.73
31165	1	24.31	0	2.31	278.37	54.73
31165	1	34.31	0	2.18	278.37	54.73
31165	1	44.31	0	2.18	278.37	54.73
31027	1	24.31	0	2.24	281.14	54.73
31027	1	34.31	0	2.24	281.14	54.73
20043	1	24.31	0	2.03	282.21	54.73
20043	1	34.31	0	2.03	282.21	54.73
31173	1	24.31	0	2.15	283.57	54.73
31173	1	34.31	0	1.99	283.57	54.73
31173	1	44.31	0	1.99	283.57	54.73
31051	1	24.31	0	1.90	288.15	54.73
31051	1	34.31	0	1.90	288.15	54.73
31051	1	44.31	0	1.90	288.15	54.73
31043	1	24.31	0	2.03	293.91	54.73
31043	1	34.31	0	2.03	293.91	54.73
31043	1	44.31	0	2.01	293.91	54.73
20179	2	33.88	0	1.07	0.00	55.30
20179	2	43.88	0	1.06	0.00	55.30
20063	2	33.88	0	0.93	30.04	55.30
20063	2	43.88	0	0.92	30.04	55.30
20193	2	43.88	0	0.81	34.04	55.30
31145	2	23.88	0	1.41	56.60	55.30
31145	2	33.88	0	1.37	56.60	55.30
31145	2	43.88	0	1.37	56.60	55.30
31065	2	23.88	0	1.47	64.61	55.30
31065	2	33.88	0	1.38	64.61	55.30
31065	2	43.88	0	1.40	64.61	55.30
20181	2	43.88	0	0.60	67.77	55.30
31063	2	23.88	0	1.74	81.59	55.30
31063	2	33.88	0	1.74	81.59	55.30
31063	2	43.88	0	1.74	81.59	55.30
31057	2	23.88	0	1.84	87.21	55.30
31057	2	33.88	0	1.29	87.21	55.30
31057	2	43.88	0	1.29	87.21	55.30
31085	2	23.88	0	1.71	88.14	55.30
31085	2	33.88	0	1.17	88.14	55.30
31085	2	43.88	0	1.17	88.14	55.30
20083	2	43.88	0	0.65	91.90	55.30
31029	2	23.88	0	1.81	105.15	55.30
31029	2	33.88	0	1.82	105.15	55.30
31029	2	43.88	0	1.82	105.15	55.30
20069	2	43.88	0	0.83	110.98	55.30
8125	2	33.88	0	1.63	114.22	55.30
8125	2	43.88	0	1.63	114.22	55.30
8063	2	43.88	0	1.02	114.62	55.30
31181	2	23.88	0	1.84	117.86	55.30
31181	2	33.88	0	1.85	117.86	55.30
31181	2	43.88	0	1.85	117.86	55.30
20047	2	33.88	0	1.23	117.91	55.30
20047	2	43.88	0	0.81	117.91	55.30
31135	2	23.88	0	1.47	121.80	55.30
31135	2	33.88	0	1.25	121.80	55.30
31135	2	43.88	0	1.26	121.80	55.30
20081	2	23.88	0	1.43	125.96	55.30
20081	2	33.88	0	1.43	125.96	55.30
20081	2	43.88	0	1.43	125.96	55.30
20185	2	33.88	0	0.98	128.76	55.30
20185	2	43.88	0	0.98	128.76	55.30
8095	2	33.88	0	1.45	132.56	55.30
8095	2	43.88	0	1.45	132.56	55.30
20067	2	43.88	0	0.66	132.63	55.30
20097	2	33.88	0	1.27	137.96	55.30
20097	2	43.88	0	0.91	137.96	55.30
20187	2	33.88	0	1.28	142.52	55.30
20187	2	43.88	0	1.28	142.52	55.30
20119	2	23.88	0	1.73	145.63	55.30
20119	2	33.88	0	1.71	145.63	55.30
20119	2	43.88	0	1.71	145.63	55.30
8115	2	43.88	0	0.91	146.08	55.30
20157	2	23.88	0	1.61	151.53	55.30
20157	2	33.88	0	1.16	151.53	55.30
20157	2	43.88	0	1.16	151.53	55.30
20175	2	23.88	0	1.34	151.54	55.30
20175	2	33.88	0	1.26	151.54	55.30
20175	2	43.88	0	1.26	151.54	55.30
20189	2	23.88	0	1.46	155.51	55.30
20189	2	33.88	0	1.46	155.51	55.30
20189	2	43.88	0	1.46	155.51	55.30
31169	2	43.88	0	1.87	161.16	55.30
20129	2	43.88	0	0.67	166.27	55.30
8075	2	33.88	0	1.29	169.64	55.30
8075	2	43.88	0	1.29	169.64	55.30
8011	2	33.88	0	1.69	170.69	55.30
8011	2	43.88	0	1.69	170.69	55.30
20027	2	43.88	0	0.83	173.44	55.30
20201	2	43.88	0	0.65	179.75	55.30
8087	2	33.88	0	1.20	189.19	55.30
8087	2	43.88	0	1.00	189.19	55.30
8025	2	33.88	0	1.44	191.07	55.30
8025	2	43.88	0	0.88	191.07	55.30
20061	2	43.88	0	0.82	196.16	55.30
31183	2	33.88	0	1.17	205.69	55.30
31183	2	43.88	0	1.18	205.69	55.30
31011	2	23.88	0	1.84	205.71	55.30
31011	2	33.88	0	1.84	205.71	55.30
31011	2	43.88	0	1.85	205.71	55.30
31067	2	23.88	0	1.81	208.74	55.30
31067	2	33.88	0	1.49	208.74	55.30
31067	2	43.88	0	1.49	208.74	55.30
20117	2	23.88	0	1.33	209.89	55.30
20117	2	33.88	0	1.33	209.89	55.30
20117	2	43.88	0	1.33	209.89	55.30
31109	2	23.88	0	1.84	222.17	55.30
31109	2	33.88	0	1.61	222.17	55.30
31109	2	43.88	0	1.62	222.17	55.30
31133	2	23.88	0	1.57	228.94	55.30
31133	2	33.88	0	1.57	228.94	55.30
31133	2	43.88	0	1.57	228.94	55.30
31097	2	23.88	0	1.75	232.64	55.30
31097	2	33.88	0	1.75	232.64	55.30
31097	2	43.88	0	0.87	232.64	55.30
31037	2	43.88	0	1.77	234.90	55.30
20131	2	23.88	0	1.65	237.06	55.30
20131	2	33.88	0	1.65	237.06	55.30
20131	2	43.88	0	0.92	237.06	55.30
31155	2	23.88	0	1.85	239.40	55.30
31155	2	33.88	0	1.85	239.40	55.30
31155	2	43.88	0	1.79	239.40	55.30
31161	2	33.88	0	1.06	241.33	55.30
31161	2	43.88	0	1.06	241.33	55.30
31013	2	43.88	0	0.83	242.64	55.30
31157	2	33.88	0	1.83	244.55	55.30
31157	2	43.88	0	1.82	244.55	55.30
31131	2	23.88	0	1.70	245.15	55.30
31131	2	33.88	0	1.70	245.15	55.30
31131	2	43.88	0	1.15	245.15	55.30
20085	2	33.88	0	1.25	246.31	55.30
20085	2	43.88	0	1.25	246.31	55.30
31167	2	33.88	0	1.49	247.23	55.30
31167	2	43.88	0	1.49	247.23	55.30
20177	2	43.88	0	0.80	249.25	55.30
31139	2	43.88	0	1.84	251.47	55.30
31025	2	43.88	0	1.80	252.12	55.30
31053	2	43.88	0	1.89	253.24	55.30
31127	2	33.88	0	1.69	253.61	55.30
31127	2	43.88	0	1.71	253.61	55.30
31147	2	33.88	0	1.45	255.94	55.30
31147	2	43.88	0	1.45	255.94	55.30
20013	2	43.88	0	1.85	260.26	55.30
31015	2	23.88	0	1.73	260.36	55.30
31015	2	33.88	0	1.73	260.36	55.30
31015	2	43.88	0	1.73	260.36	55.30
31039	2	43.88	0	1.70	262.49	55.30
31107	2	43.88	0	1.71	264.11	55.30
8013	2	33.88	0	1.59	267.72	55.30
8013	2	43.88	0	1.59	267.72	55.30
31027	2	43.88	0	1.83	281.14	55.30
8069	2	33.88	0	1.39	282.14	55.30
8069	2	43.88	0	1.39	282.14	55.30
20043	2	43.88	0	1.79	282.21	55.30
31083	2	23.88	82110	2.19	79.38	55.30
31083	2	33.88	82087	2.19	79.38	55.30
31083	2	43.88	82064	2.19	79.38	55.30
31073	2	23.88	74454	2.37	86.53	55.30
31073	2	33.88	74450	2.37	86.53	55.30
31073	2	43.88	76184	2.37	86.53	55.30
31061	2	23.88	89433	2.40	97.24	55.30
31061	2	33.88	92849	2.40	97.24	55.30
31061	2	43.88	100056	2.40	97.24	55.30
31137	2	23.88	119483	2.82	97.45	55.30
31137	2	33.88	159711	2.10	97.45	55.30
31137	2	43.88	184723	2.41	97.45	55.30
31047	2	23.88	224526	2.60	109.94	55.30
31047	2	33.88	223994	2.60	109.94	55.30
31047	2	43.88	247733	2.60	109.94	55.30
31099	2	23.88	161572	2.71	112.41	55.30
31099	2	33.88	170429	2.71	112.41	55.30
31099	2	43.88	197886	2.64	112.41	55.30
31019	2	23.88	178856	2.55	126.70	55.30
31019	2	33.88	178569	2.55	126.70	55.30
31019	2	43.88	202824	2.55	126.70	55.30
31001	2	23.88	205295	2.64	130.85	55.30
31001	2	33.88	205515	2.64	130.85	55.30
31001	2	43.88	225313	2.64	130.85	55.30
31129	2	23.88	85043	2.10	139.14	55.30
31129	2	33.88	85052	2.10	139.14	55.30
31129	2	43.88	85062	2.10	139.14	55.30
31101	2	23.88	85280	2.04	142.48	55.30
31101	2	33.88	85270	2.04	142.48	55.30
31101	2	43.88	85261	2.04	142.48	55.30
31041	2	23.88	174993	2.38	146.18	55.30
31041	2	33.88	174625	2.38	146.18	55.30
31041	2	43.88	208205	2.38	146.18	55.30
31079	2	23.88	192803	2.64	146.88	55.30
31079	2	33.88	203976	2.41	146.88	55.30
31079	2	43.88	223120	2.62	146.88	55.30
31035	2	23.88	181474	2.39	150.39	55.30
31035	2	33.88	181004	2.39	150.39	55.30
31035	2	43.88	185703	2.39	150.39	55.30
31163	2	23.88	60865	2.25	150.74	55.30
31163	2	33.88	60695	2.25	150.74	55.30
31163	2	43.88	60525	2.25	150.74	55.30
31169	2	23.88	89055	2.42	161.16	55.30
31169	2	33.88	88908	2.42	161.16	55.30
31093	2	23.88	105339	2.30	164.67	55.30
31093	2	33.88	105092	2.30	164.67	55.30
31093	2	43.88	110501	2.30	164.67	55.30
31081	2	23.88	239091	2.72	166.04	55.30
31081	2	33.88	239007	2.72	166.04	55.30
31081	2	43.88	239432	2.71	166.04	55.30
31059	2	23.88	208117	2.55	171.22	55.30
31059	2	33.88	207720	2.55	171.22	55.30
31059	2	43.88	235398	2.55	171.22	55.30
31175	2	23.88	59603	2.34	171.36	55.30
31175	2	33.88	59481	2.34	171.36	55.30
31175	2	43.88	69339	2.34	171.36	55.30
31121	2	23.88	114720	2.40	179.22	55.30
31121	2	33.88	114407	2.40	179.22	55.30
31121	2	43.88	124036	2.40	179.22	55.30
31077	2	23.88	75893	2.24	183.64	55.30
31077	2	33.88	75782	2.24	183.64	55.30
31077	2	43.88	75672	2.24	183.64	55.30
31185	2	23.88	203785	2.70	183.84	55.30
31185	2	33.88	203330	2.70	183.84	55.30
31185	2	43.88	246294	2.61	183.84	55.30
31095	2	23.88	85375	1.90	183.86	55.30
31095	2	33.88	90957	1.92	183.86	55.30
31095	2	43.88	91097	1.92	183.86	55.30
31125	2	23.88	80317	2.20	192.25	55.30
31125	2	33.88	80122	2.20	192.25	55.30
31125	2	43.88	80935	2.15	192.25	55.30
31151	2	23.88	95525	1.99	193.03	55.30
31151	2	33.88	95896	1.99	193.03	55.30
31151	2	43.88	95905	1.99	193.03	55.30
31143	2	23.88	130251	2.40	198.16	55.30
31143	2	33.88	129964	2.40	198.16	55.30
31143	2	43.88	134318	2.40	198.16	55.30
31159	2	23.88	133959	2.25	204.10	55.30
31159	2	33.88	136237	2.19	204.10	55.30
31159	2	43.88	136051	2.19	204.10	55.30
31183	2	23.88	4226	2.30	205.69	55.30
31017	2	23.88	37941	2.48	209.03	55.30
31017	2	33.88	38786	2.48	209.03	55.30
31017	2	43.88	45567	2.48	209.03	55.30
31123	2	23.88	49252	1.91	212.93	55.30
31123	2	33.88	49153	1.91	212.93	55.30
31123	2	43.88	49054	1.91	212.93	55.30
31149	2	23.88	14353	2.40	217.95	55.30
31149	2	33.88	14384	2.40	217.95	55.30
31149	2	43.88	14415	2.40	217.95	55.30
31023	2	23.88	100886	2.35	218.07	55.30
31023	2	33.88	132254	1.97	218.07	55.30
31023	2	43.88	132294	1.98	218.07	55.30
31141	2	23.88	150461	2.48	218.50	55.30
31141	2	33.88	184675	2.08	218.50	55.30
31141	2	43.88	190799	2.03	218.50	55.30
8123	2	33.88	110336	1.97	224.94	55.30
8123	2	43.88	110370	1.97	224.94	55.30
8101	2	33.88	6867	2.64	229.55	55.30
8101	2	43.88	6858	2.64	229.55	55.30
31119	2	23.88	115316	2.08	232.04	55.30
31119	2	33.88	115477	2.08	232.04	55.30
31119	2	43.88	115633	2.08	232.04	55.30
31089	2	23.88	131443	2.08	232.06	55.30
31089	2	33.88	131516	2.08	232.06	55.30
31089	2	43.88	131590	2.08	232.06	55.30
31003	2	23.88	191782	2.37	232.95	55.30
31003	2	33.88	191883	2.37	232.95	55.30
31003	2	43.88	191981	2.37	232.95	55.30
31037	2	23.88	80446	2.09	234.90	55.30
31037	2	33.88	80502	2.09	234.90	55.30
31157	2	23.88	55359	2.16	244.55	55.30
31167	2	23.88	22489	2.14	247.23	55.30
31139	2	23.88	105255	2.33	251.47	55.30
31139	2	33.88	105302	2.33	251.47	55.30
31025	2	23.88	83230	1.90	252.12	55.30
31025	2	33.88	83230	1.90	252.12	55.30
31053	2	23.88	106100	2.36	253.24	55.30
31053	2	33.88	130066	1.98	253.24	55.30
31127	2	23.88	42993	1.99	253.61	55.30
31147	2	23.88	38230	1.98	255.94	55.30
31153	2	23.88	28558	2.06	259.97	55.30
31153	2	33.88	35507	1.99	259.97	55.30
31153	2	43.88	35576	1.99	259.97	55.30
20013	2	23.88	87123	2.05	260.26	55.30
20013	2	33.88	87123	2.05	260.26	55.30
31039	2	23.88	108675	2.12	262.49	55.30
31039	2	33.88	108633	2.13	262.49	55.30
31055	2	23.88	24624	1.96	264.05	55.30
31055	2	33.88	24650	1.96	264.05	55.30
31055	2	43.88	24677	1.97	264.05	55.30
31107	2	23.88	100417	2.16	264.11	55.30
31107	2	33.88	100251	2.16	264.11	55.30
31177	2	23.88	62232	1.99	269.64	55.30
31177	2	33.88	62298	1.99	269.64	55.30
31177	2	43.88	62364	1.99	269.64	55.30
31021	2	23.88	120479	2.11	277.90	55.30
31021	2	33.88	120455	2.11	277.90	55.30
31021	2	43.88	129222	2.05	277.90	55.30
31165	2	23.88	13602	2.31	278.37	55.30
31165	2	33.88	14306	2.18	278.37	55.30
31165	2	43.88	14314	2.18	278.37	55.30
31027	2	23.88	141804	2.24	281.14	55.30
31027	2	33.88	141811	2.24	281.14	55.30
20043	2	23.88	65130	2.03	282.21	55.30
20043	2	33.88	65130	2.03	282.21	55.30
31173	2	23.88	74376	2.15	283.57	55.30
31173	2	33.88	83130	1.99	283.57	55.30
31173	2	43.88	83300	1.99	283.57	55.30
31051	2	23.88	92957	1.90	288.15	55.30
31051	2	33.88	93122	1.90	288.15	55.30
31051	2	43.88	93292	1.90	288.15	55.30
31043	2	23.88	61159	2.03	293.91	55.30
31043	2	33.88	61217	2.03	293.91	55.30
31043	2	43.88	61863	2.01	293.91	55.30
20065	3	37.06	15417	1.94	29.69	45.37
20065	3	37.06	15480	1.94	29.69	45.37
20039	3	37.06	17940	1.89	29.94	45.37
20039	3	37.06	17940	1.89	29.94	45.37
20063	3	37.06	18287	1.85	30.04	45.37
20137	3	37.06	10232	1.95	41.49	45.37
20137	3	37.06	17666	1.95	41.49	45.37
20195	3	37.06	14802	1.93	42.56	45.37
20153	3	37.06	18580	1.82	45.18	45.37
20153	3	37.06	19774	1.82	45.18	45.37
20109	3	37.06	9592	1.66	48.52	45.37
20163	3	37.06	18475	2.08	59.19	45.37
20163	3	37.06	18475	2.08	59.19	45.37
20147	3	37.06	19074	2.07	65.52	45.37
20135	3	37.06	16673	1.91	66.42	45.37
20165	3	37.06	13330	2.09	82.85	45.37
20083	3	37.06	11902	1.94	91.90	45.37
20071	3	37.06	16571	1.53	94.06	45.37
20145	3	37.06	25195	2.13	103.04	45.37
20093	3	37.06	15773	1.55	104.36	45.37
20009	3	37.06	32262	2.33	107.12	45.37
20075	3	37.06	12093	1.47	117.94	45.37
20053	3	37.06	2186	2.49	126.72	45.37
20159	3	37.06	127	2.52	137.47	45.37
20097	3	37.06	11516	2.12	137.96	45.37
8061	3	37.06	14600	1.34	139.55	45.37
20187	3	37.06	7432	1.41	142.52	45.37
20119	3	47.06	14342	1.75	145.63	45.37
20025	3	47.06	7671	1.87	150.00	45.37
20025	3	47.06	7671	1.87	150.00	45.37
20189	3	47.06	779	1.55	155.51	45.37
20155	3	47.06	47220	2.60	158.34	45.37
20033	3	47.06	7770	1.99	162.07	45.37
20033	3	47.06	7770	1.99	162.07	45.37
8073	3	47.06	4678	1.19	164.38	45.37
20129	3	47.06	8654	1.44	166.27	45.37
8011	3	47.06	1109	1.14	170.69	45.37
20095	3	47.06	27184	2.50	173.91	45.37
20201	3	47.06	12999	2.55	179.75	45.37
8009	3	47.06	19647	1.40	179.82	45.37
20079	3	47.06	1413	2.82	182.84	45.37
20115	3	47.06	39892	2.89	189.72	45.37
20115	3	47.06	39892	2.89	189.72	45.37
20115	3	47.06	259	2.89	189.72	45.37
20077	3	47.06	26736	2.44	195.36	45.37
20077	3	47.06	641	2.44	195.36	45.37
20173	3	47.06	40501	2.84	195.55	45.37
20173	3	47.06	94	2.84	195.55	45.37
20061	3	47.06	132	2.79	196.16	45.37
20127	3	47.06	17277	2.75	206.35	45.37
20191	3	47.06	66195	2.74	213.88	45.37
20191	3	47.06	5446	2.74	213.88	45.37
20017	3	47.06	4905	3.03	216.47	45.37
20017	3	47.06	7943	3.03	216.47	45.37
20017	3	47.06	118	3.03	216.47	45.37
20015	3	47.06	34226	3.06	219.83	45.37
20015	3	47.06	34226	3.06	219.83	45.37
20015	3	47.06	25036	3.06	219.83	45.37
20197	3	47.06	1191	2.90	226.37	45.37
20197	3	47.06	4129	2.90	226.37	45.37
20111	3	47.06	24438	3.10	235.10	45.37
20111	3	47.06	24438	3.10	235.10	45.37
20111	3	47.06	205	3.10	235.10	45.37
20035	3	47.06	28619	3.10	240.55	45.37
20035	3	47.06	16446	3.10	240.55	45.37
20073	3	47.06	1087	3.27	244.69	45.37
20073	3	47.06	13765	3.27	244.69	45.37
20073	3	47.06	34854	3.27	244.69	45.37
20177	3	47.06	2860	3.05	249.25	45.37
20139	3	47.06	5744	3.06	254.49	45.37
20139	3	47.06	178	3.06	254.49	45.37
20049	3	47.06	6808	3.37	258.08	45.37
20049	3	47.06	6808	3.37	258.08	45.37
20049	3	47.06	125	3.37	258.08	45.37
20031	3	47.06	20738	3.20	261.34	45.37
20031	3	47.06	22899	3.20	261.34	45.37
20031	3	47.06	107	3.20	261.34	45.37
20207	3	47.06	18181	3.39	268.00	45.37
20207	3	47.06	18181	3.39	268.00	45.37
20207	3	47.06	251	3.39	268.00	45.37
20087	3	47.06	107	3.03	268.60	45.37
20019	3	47.06	5149	3.52	269.23	45.37
20019	3	47.06	245	3.52	269.23	45.37
20205	3	47.06	10312	3.50	277.99	45.37
20205	3	47.06	24490	3.50	277.99	45.37
20205	3	47.06	440	3.50	277.99	45.37
20059	3	47.06	9541	3.18	279.03	45.37
20059	3	47.06	204	3.18	279.03	45.37
20003	3	47.06	23926	3.28	283.96	45.37
20003	3	47.06	23926	3.28	283.96	45.37
20003	3	47.06	242	3.28	283.96	45.37
20103	3	47.06	184	3.09	286.53	45.37
20125	3	47.06	10756	3.60	290.37	45.37
20125	3	47.06	22263	3.60	290.37	45.37
20125	3	47.06	379	3.60	290.37	45.37
20001	3	47.06	21597	3.44	290.67	45.37
20001	3	47.06	21597	3.44	290.67	45.37
20001	3	47.06	343	3.44	290.67	45.37
20133	3	47.06	22611	3.54	298.38	45.37
20133	3	47.06	22611	3.54	298.38	45.37
20133	3	47.06	962	3.54	298.38	45.37
20091	3	47.06	7261	3.23	299.54	45.37
20091	3	47.06	7261	3.23	299.54	45.37
20091	3	47.06	45	3.23	299.54	45.37
20209	3	47.06	1	3.25	301.38	45.37
20209	3	47.06	1	3.25	301.38	45.37
20121	3	47.06	4420	3.24	302.13	45.37
20121	3	47.06	183	3.24	302.13	45.37
20107	3	47.06	10577	3.32	306.78	45.37
20107	3	47.06	19266	3.32	306.78	45.37
20107	3	47.06	259	3.32	306.78	45.37
20099	3	47.06	28336	3.63	310.77	45.37
20099	3	47.06	569	3.63	310.77	45.37
20011	3	47.06	15295	3.48	313.77	45.37
20011	3	47.06	15295	3.48	313.77	45.37
20011	3	47.06	386	3.48	313.77	45.37
20037	3	47.06	25319	3.66	322.40	45.37
20037	3	47.06	25319	3.66	322.40	45.37
20037	3	47.06	348	3.66	322.40	45.37
20021	3	47.06	35048	3.78	332.66	45.37
20021	3	47.06	35048	3.78	332.66	45.37
20021	3	47.06	191	3.78	332.66	45.37
20017	4	47.33	10269	3.92	216.47	47.33
20059	4	47.33	10322	4.85	279.03	47.33
20121	4	47.33	10639	5.23	302.13	47.33
20205	4	47.33	10780	5.09	277.99	47.33
20163	4	47.33	1111	2.46	59.19	47.33
20001	4	47.33	11515	5.26	290.67	47.33
20091	4	37.33	11578	5.15	299.54	47.33
20091	4	47.33	11578	5.15	299.54	47.33
20177	4	47.33	1179	4.18	249.25	47.33
20031	4	47.33	11816	4.80	261.34	47.33
20003	4	47.33	11861	4.97	283.96	47.33
20037	4	47.33	12596	5.17	322.40	47.33
20133	4	47.33	13551	5.25	298.38	47.33
20139	4	37.33	14080	4.57	254.49	47.33
20207	4	47.33	14293	5.18	268.00	47.33
20137	4	47.33	15010	2.40	41.49	47.33
20017	4	47.33	153	3.92	216.47	47.33
20107	4	47.33	15269	5.29	306.78	47.33
20139	4	47.33	15306	4.57	254.49	47.33
20125	4	47.33	15759	4.97	290.37	47.33
20197	4	47.33	16177	3.96	226.37	47.33
20099	4	47.33	16979	5.23	310.77	47.33
20061	4	47.33	171	3.61	196.16	47.33
20073	4	37.33	19155	4.55	244.69	47.33
20073	4	47.33	19155	4.55	244.69	47.33
20011	4	47.33	19486	5.25	313.77	47.33
20191	4	47.33	216	3.55	213.88	47.33
20045	4	47.33	21803	4.75	274.78	47.33
20039	4	47.33	22264	2.35	29.94	47.33
20011	4	37.33	23057	5.25	313.77	47.33
20011	4	47.33	23057	5.25	313.77	47.33
20085	4	47.33	23884	3.98	246.31	47.33
20127	4	47.33	23909	3.80	206.35	47.33
20019	4	47.33	24964	4.61	269.23	47.33
20049	4	47.33	25604	4.81	258.08	47.33
20035	4	47.33	25960	4.19	240.55	47.33
20111	4	47.33	26006	4.30	235.10	47.33
20121	4	37.33	26178	5.23	302.13	47.33
20121	4	47.33	26178	5.23	302.13	47.33
20209	4	37.33	267	4.94	301.38	47.33
20207	4	37.33	27774	5.18	268.00	47.33
20207	4	47.33	27774	5.18	268.00	47.33
20085	4	47.33	285	3.98	246.31	47.33
20107	4	37.33	30715	5.29	306.78	47.33
20107	4	47.33	30715	5.29	306.78	47.33
20125	4	37.33	30781	4.97	290.37	47.33
20125	4	47.33	30781	4.97	290.37	47.33
20209	4	47.33	314	4.94	301.38	47.33
20139	4	47.33	31686	4.57	254.49	47.33
20059	4	47.33	32500	4.85	279.03	47.33
20001	4	37.33	32953	5.26	290.67	47.33
20001	4	47.33	32953	5.26	290.67	47.33
20091	4	47.33	3309	5.15	299.54	47.33
20133	4	37.33	33527	5.25	298.38	47.33
20133	4	47.33	33527	5.25	298.38	47.33
20111	4	37.33	33882	4.30	235.10	47.33
20111	4	47.33	33882	4.30	235.10	47.33
20031	4	37.33	34335	4.80	261.34	47.33
20031	4	47.33	34335	4.80	261.34	47.33
20077	4	47.33	34643	3.16	195.36	47.33
20205	4	37.33	35679	5.09	277.99	47.33
20205	4	47.33	35679	5.09	277.99	47.33
20037	4	37.33	35722	5.17	322.40	47.33
20037	4	47.33	35722	5.17	322.40	47.33
20003	4	37.33	36275	4.97	283.96	47.33
20003	4	47.33	36275	4.97	283.96	47.33
20015	4	47.33	37477	3.91	219.83	47.33
20035	4	47.33	38706	4.19	240.55	47.33
20209	4	47.33	3942	4.94	301.38	47.33
20099	4	37.33	40801	5.23	310.77	47.33
20099	4	47.33	40801	5.23	310.77	47.33
20045	4	37.33	4181	4.75	274.78	47.33
20015	4	47.33	43806	3.91	219.83	47.33
20177	4	47.33	4571	4.18	249.25	47.33
20021	4	37.33	46672	5.03	332.66	47.33
20021	4	47.33	46672	5.03	332.66	47.33
20115	4	47.33	49312	3.57	189.72	47.33
20019	4	37.33	4998	4.61	269.23	47.33
20103	4	47.33	5120	4.70	286.53	47.33
20045	4	47.33	5281	4.75	274.78	47.33
20149	4	47.33	543	3.75	217.53	47.33
20073	4	47.33	56747	4.55	244.69	47.33
20021	4	47.33	6356	5.03	332.66	47.33
20087	4	47.33	6593	4.36	268.60	47.33
20197	4	47.33	665	3.96	226.37	47.33
20019	4	47.33	6753	4.61	269.23	47.33
20191	4	47.33	69358	3.55	213.88	47.33
20079	4	47.33	82	3.49	182.84	47.33
20025	4	47.33	9256	2.25	150.00	47.33
20049	4	37.33	9722	4.81	258.08	47.33
20049	4	47.33	9722	4.81	258.08	47.33
8031	5	10.00	27586	0.08	220.00	34.84
