339  20039   20039  3   0  38.36  17940   1.89  39.7835   -100.46    0    16.8755  17940
462  20065   20179  21   2  66.31  11867   0.443  39.3494   -99.881    29.6828    16.9176  6168.04
464  20065   20179  23   2  38.36  15417   1.9372  39.3494   -99.881    29.6828    16.9176  65832
465  20065   20065  3   0  38.36  15417   1.9372  39.3494   -99.881    0    16.9176  15417
809  20137   20137  3   0  38.36  10231   1.9514  39.7839   -99.8992    0    16.7531  10231
857  20153   20153  3   0  38.36  18579   1.8238  39.7862   -101.077    0    18.4574  10953.8
903  20163   20163  3   0  38.36  18475   2.0837  39.346   -99.3245    0    16.8865  18475
1437  31047   31047  2   0  21.4  472814   2.66716  40.8674   -99.8152    0    18.0171  161200
1537  31061   31061  2   0  21.4  188319   2.46713  40.1832   -98.9621    0    13.5449  91711.4
1562  31065   20179  21   2  26.31  105534   1.481  40.192   -99.9097    64.6049    15.1487  91012.5
1563  31065   31065  1   0  26.31  105534   1.481  40.192   -99.9097    0    15.1487  105534
1570  31065   20179  22   2  21.4  0   1.481  40.192   -99.9097    64.6049    15.1487  232987
1609  31073   31073  2   0  21.4  157026   2.43623  40.5098   -99.8241    0    12.1392  76471.7
1677  31083   31083  2   0  21.4  173151   2.25061  40.1788   -99.4034    0    13.5223  84324.5
1682  31083   20179  22   2  51.4  186647   2.25054  40.1788   -99.4034    79.3688    13.5223  372733
1785  31099   31099  2   0  21.4  341037   2.78338  40.5063   -98.9485    0    12.8202  166085
2005  31137   31137  2   0  21.4  251691   2.89446  40.5164   -99.4066    0    13.1214  122574
2063  31145   31145  1   0  26.31  101840   1.3905  40.1694   -100.469    0    15.1215  7152.18
48899  20039   20065  13   1  68.36  17940   1.89  39.7835   -100.46    42.9031    16.9176  16504.8
64332  20065   20065  13   1  68.36  15479   1.9373  39.3494   -99.881    16.9176    16.9176  14183.6
107062  20137   20065  13   1  68.36  17666   1.9514  39.7839   -99.8992    30.0342    16.9176  9412.52
116558  20153   20065  13   1  68.36  19773   1.8238  39.7862   -101.077    70.1955    16.9176  10077.5
122493  20163   20065  13   1  68.36  18475   2.0837  39.346   -99.3245    29.4932    16.9176  16997
175274  31047   31065  12   1  51.4  527490   2.66722  40.8674   -99.8152    46.9373    15.1487  141856
183636  31061   31083  12   1  68.36  1400   2.1546  40.1832   -98.9621    23.3929    13.5223  80706
185953  31065   31065  11   1  51.4  0   1.43396  40.192   -99.9097    15.1487    15.1487  92869.9
190706  31073   31065  12   1  51.4  165476   2.43618  40.5098   -99.8241    22.4268    15.1487  67295.1
195506  31083   31083  12   1  51.4  186647   2.25054  40.1788   -99.4034    13.5223    13.5223  74205.6
203815  31099   31083  12   1  68.36  462   2.1593  40.5063   -98.9485    33.069    13.5223  146155
220380  31137   31065  12   1  51.4  424817   2.72691  40.5164   -99.4066    34.8339    15.1487  28591.6
220433  31137   31083  12   1  51.4  424817   2.72691  40.5164   -99.4066    23.3288    13.5223  79273.1
224574  31145   20065  11   1  51.4  0   1.3951  40.1694   -100.469    64.6554    16.9176  6293.92
246896  8031   20179  25   2  10  32069   0  99999   99999    220    4.59079e-41  31267.3
20065  80000   
31065  360000   
31083  400000   
delivered cost-nan(ind)using objective function inf  objective value 7.12535e+07
main resutls 
blended table 
112686  26.31   5.43687  18.2909  99163.8   5.85374  62.3884   97180.6   3.06333  39.4  0.574  0.122  0.115    0.1376
702366  21.4   6.79564  30.3154  618082   6.76578  73.69   605720   3.06333  44.44  0.603  0.076  0.115    0.1376
73016.8  38.36   7.47354  36.3146  67175.5   3.15366  29.6828   65832   3.06333  36.19  0.666  0.064  0.09    0.0984
32069  10   0  0  0  18.571  220   31267.3   0  26.96  0.287  0.131  0.1    0.025
table 2 for field location 
20039   50   SG   17940   17940   1.89
20065   50   SG   15417   15417   1.9372
20137   50   SG   10231   10231   1.9514
20153   50   SG   18579   10953.8   1.8238
20163   50   SG   18475   18475   2.0837
31047   40   2P CS   472814   161200   2.66716
31061   40   2P CS   188319   91711.4   2.46713
31065   40    3P CS   105534   105534   1.481
31073   40   2P CS   157026   76471.7   2.43623
31083   40   2P CS   173151   84324.5   2.25061
31099   40   2P CS   341037   166085   2.78338
31137   40   2P CS   251691   122574   2.89446
31145   40    3P CS   101840   7152.18   1.3905
8031   10  GC   32069   32069   0
